$ANSIBLE_VAULT;1.1;AES256
61343733366539386361383665623865303866656530303831343037373933656432366662616466
6361396364646134393133393863303533323136386464310a646535653030623366336136643264
63383062663439313763323536623637653939656234306634353131633361393937386237303033
6235643461343465620a303333356339623938376537386632323461313161643635633236333930
61333132346531306165383462376638633462643762626539303861353765653139336137306335
66356262326362303432386338366363623063646133386665313438633163333062353133616366
35643035663335346366303237326233376264333334636639396433656162323330356334376462
39316232353238613365303363346331626566303937333865643261376630343862646138313466
32633162386631366161383262373861376135376562323836613735643634393065333837646535
32336439386461396433646534306334396539306338613662343532346266343666396262393861
30336665616436663730623536393735306263653861626662623233626264653632383937376263
35376534303139326533313064656232363064363761626333373963623365363531366562663962
33633434353331386536353766373033326564326566663130306632653631343435343935326161
64356165363366373930643465396563653637626431363338363162616434313563383935373831
35386239646336633762303833636334323030346436643662306439326633626263336236373661
35373961363532666632346439333439613761373937353234636165653336643862313738316333
31313633613732363035306234646232373230626662306163663165303634316130306262393531
34626633643362306437663334626433623365613636313630363064336333363663646161653664
65633464613862343832353232646333613861346166626639656139653130613730613361636530
31343063666462306338376565373635363435306564366338396431383338653735383062613866
64373134356466303632343062656265303034376164356539623066323864333738613335303565
37663962386261623334373239373766383237383365643561376664336235613039376539323434
32383962623361313631316361386431323038653339366330346135386262616637646137316633
37383433636237373236393138393936353839353231343265333230313463316637663234653165
37616262376638376639373038343266326534323033623566306539663161396136343865656462
62326561626361613339383065663336306234346633336162376139363638393933666463393362
31323661383233343164366161323332316234326435323335316533623265366431626261643766
38616438633735326665623962386635613734366135623262306665663261396633393934303235
3336
